0.0
0.06666667
0.0
0.0
0.05263158
0.0
0.04347826
0.0
0.0
0.0
0.0
0.04761905
0.04347826
0.04347826
0.035714287
0.0
0.0
0.0
0.0
0.0
0.0
0.0
0.0
0.041666668
0.0
0.0
0.0
0.0
0.0
0.33333334
0.0
0.083333336
0.0
0.0
0.0
0.0
0.04347826
0.0
0.0
0.0
0.0
0.0
0.0
0.021276595
0.0
0.0
0.037037037
0.0
0.0
0.0
0.03448276
0.0
0.0
0.0
0.0
0.0
0.0
0.0
0.0
0.0
0.09677419
0.05882353
0.0
0.0
0.0
0.0
0.0
0.0
0.0
0.0
0.08
0.0
0.05263158
0.05263158
0.10344828
0.09090909
0.06666667
0.0
0.0
0.0
0.05263158
0.0
0.0
0.0
0.14285715
0.055555556
0.0
0.0
0.0
0.0
0.0
0.0
0.0625
0.0
0.0
0.030303031
0.0
