0.5
0.0
0.023809524
0.0
0.0
0.0
0.0
0.125
0.041666668
0.06666667
0.25
0.42857143
0.04347826
0.04347826
0.14285715
0.074074075
0.045454547
0.21428572
0.055555556
0.071428575
0.14285715
0.06666667
0.0
0.0
0.0
0.06666667
0.09375
0.05
0.0
0.0
0.75
0.0
0.0
0.0
0.09090909
0.0
0.2173913
0.0
0.0
0.0
0.0
0.0
0.23809524
0.021276595
0.055555556
0.14285715
0.037037037
0.0
0.0
0.0
0.0
0.16666667
0.0
0.05263158
0.75
0.16666667
0.20689656
0.071428575
0.0
0.0
0.032258064
0.05882353
0.055555556
0.0
0.09090909
0.0
0.0
0.0
0.0
0.0
0.0
0.0
0.0
0.05263158
0.0
0.0
0.0
0.0
0.0
0.0
0.2631579
0.0
0.083333336
0.10526316
0.14285715
0.11111111
0.6666667
0.07692308
0.2857143
0.0
0.0
0.0
0.1875
0.15384616
0.33333334
0.3030303
0.0
