0.04255319
0.31914893
0.89361703
0.29787233
0.40425533
0.29787233
0.4893617
0.34042552
0.5106383
0.31914893
0.08510638
0.44680852
0.4893617
0.4893617
0.59574467
0.5744681
0.4680851
0.59574467
0.38297874
0.29787233
0.44680852
0.31914893
0.27659574
0.5106383
0.27659574
0.31914893
0.68085104
0.42553192
0.5106383
0.06382979
0.08510638
0.25531915
0.5319149
0.5319149
0.23404256
0.34042552
0.4893617
0.5319149
0.5531915
0.17021276
0.10638298
0.5319149
0.44680852
1.0
0.38297874
0.14893617
0.5744681
0.21276596
0.9574468
0.31914893
0.61702126
0.12765957
0.27659574
0.80851066
0.08510638
0.25531915
0.61702126
0.59574467
0.29787233
0.29787233
0.65957445
0.3617021
0.38297874
0.70212764
0.4680851
0.34042552
0.06382979
0.21276596
0.5744681
0.5319149
0.5319149
0.7446808
0.40425533
0.40425533
0.61702126
0.23404256
0.31914893
0.4680851
0.61702126
0.34042552
0.40425533
0.25531915
0.25531915
0.40425533
0.29787233
0.38297874
0.06382979
0.5531915
0.29787233
0.42553192
0.61702126
0.7446808
0.34042552
0.27659574
0.31914893
0.70212764
0.25531915
