1.0
1.0
0.8333333
0.6666666
0.5
0.3333333
0.16666669
1.0
0.6666666
0.3333333
1.0
1.0
0.5
1.0
0.75
0.5
0.25
1.0
0.6666666
0.3333333
1.0
0.5
1.0
0.75
0.5
0.25
1.0
0.6666666
0.3333333
1.0
1.0
1.0
0.75
0.5
0.25
1.0
0.85714287
0.71428573
0.57142854
0.4285714
0.28571427
0.14285713
1.0
0.75
0.5
0.25
1.0
0.75
0.5
0.25
1.0
0.75
0.5
0.25
1.0
1.0
0.75
0.5
0.25
1.0
0.85714287
0.71428573
0.57142854
0.4285714
0.28571427
0.14285713
1.0
1.0
0.75
0.5
0.25
1.0
0.8333333
0.6666666
0.5
0.3333333
0.16666669
1.0
0.8333333
0.6666666
0.5
0.3333333
0.16666669
1.0
0.6666666
0.3333333
1.0
1.0
0.8333333
0.6666666
0.5
0.3333333
0.16666669
1.0
0.75
0.5
0.25
