0.07802306
0.35638702
0.8715635
0.3007526
0.45475638
0.32729608
0.5627539
0.34787202
0.38565958
0.27110985
0.098217
0.28730536
0.40290135
0.51512194
0.55049103
0.3923877
0.38756105
0.43454322
0.30482295
0.22069287
0.3583401
0.2907434
0.21501975
0.33622602
0.22658172
0.36909744
0.5533352
0.3994515
0.38356295
0.030290907
0.12550867
0.2631302
0.5894207
0.2994521
0.1606489
0.26346996
0.32189423
0.3456379
0.37188268
0.12026101
0.13171963
0.36846483
0.42771655
0.90802616
0.3364288
0.08776725
0.6475284
0.23648493
1.0
0.4276856
0.81404734
0.18754467
0.22582097
0.82213813
0.12550867
0.32353753
0.6064578
0.66425806
0.26325268
0.27428615
0.807901
0.30511257
0.28051296
0.6205162
0.4010164
0.3607391
0.0431419
0.23648493
0.5612697
0.6901361
0.73412794
0.8016567
0.4916223
0.45259428
0.7978253
0.32110995
0.46636793
0.5382599
0.5754513
0.32365182
0.30793947
0.32106715
0.25996318
0.44354212
0.54548407
0.46381497
0.09745119
0.42405522
0.24800311
0.36282933
0.64271826
0.73549443
0.25432098
0.2689373
0.3495213
0.802503
0.1899917
