0.037037037
0.2962963
0.8333333
0.2777778
0.37037036
0.2777778
0.44444445
0.33333334
0.4814815
0.3148148
0.074074075
0.44444445
0.44444445
0.4814815
0.5925926
0.537037
0.44444445
0.6111111
0.37037036
0.2777778
0.42592594
0.33333334
0.3148148
0.5
0.2962963
0.33333334
0.6851852
0.4074074
0.5
0.055555556
0.074074075
0.24074075
0.5
0.5
0.24074075
0.35185185
0.4814815
0.5
0.5185185
0.16666667
0.11111111
0.4814815
0.42592594
0.9074074
0.35185185
0.14814815
0.5185185
0.2037037
1.0
0.3148148
0.6296296
0.12962963
0.2777778
0.7592593
0.074074075
0.25925925
0.6111111
0.5740741
0.2962963
0.2777778
0.6296296
0.33333334
0.37037036
0.6851852
0.44444445
0.35185185
0.055555556
0.2037037
0.5740741
0.5
0.5
0.6851852
0.42592594
0.37037036
0.6111111
0.25925925
0.2962963
0.44444445
0.5740741
0.35185185
0.46296296
0.2777778
0.24074075
0.3888889
0.3148148
0.44444445
0.055555556
0.537037
0.2777778
0.3888889
0.6481481
0.7592593
0.37037036
0.2777778
0.2962963
0.7222222
0.24074075
