2.6576135
2.0384989
3.4556565
1.5430694
1.7820137
1.2362795
1.7067051
2.1466308
2.5861127
1.8050736
2.5073974
3.154749
1.923664
3.0729218
3.1673996
2.5779667
1.595545
3.3556845
2.2803943
1.2011049
2.3739316
1.5098925
1.8064303
2.138531
1.2994738
1.8382465
3.0131214
1.9490575
1.7275345
1.4830097
2.0346892
1.8425235
2.3713355
1.831367
0.97634137
1.9557472
2.41075
2.0918384
2.015021
0.88571185
0.634928
1.5247183
2.5385463
3.6079872
1.626815
0.77770877
2.8145893
1.4029546
3.4574468
1.3116493
3.095181
1.3615005
1.2801945
2.6925397
2.0346892
2.5047827
2.7914867
2.4055054
1.1074214
1.8499362
3.08328
1.832081
1.6608462
2.4364004
1.6901693
1.1958736
1.1625273
1.6529546
2.459812
2.222051
2.0960426
3.2315228
2.2077684
1.9991498
2.629406
1.2386543
1.3151466
2.4507895
2.59988
1.6825958
1.9909474
1.1874974
1.006023
2.3419495
2.110552
1.7912382
1.8835032
2.591207
1.9427009
1.8439167
2.4078877
2.5727677
1.3817835
1.977157
2.5482998
3.060186
0.9360516
